var bunverts_medium = [
[0.925438, 0.656424, 0.192179],
[-1.641309, 0.492504, 0.064742],
[-1.495636, 0.983623, -0.259762],
[-0.288284, 1.198894, -0.397403],
[-0.727193, 1.303701, 0.654446],
[-0.386573, -0.297426, -0.551468],
[0.230111, 1.238463, -0.375767],
[-0.148257, 1.597082, 0.058472],
[-0.942961, 1.026637, 0.838670],
[-1.517216, 0.344797, 0.142905],
[-1.218936, 0.607258, -0.387216],
[-1.307598, 0.250806, -0.059010],
[0.842936, 0.533771, -0.121031],
[-1.419859, 2.079012, 0.645284],
[-0.962565, 1.740066, 0.252145],
[-1.115175, 1.476459, 0.789974],
[-1.008291, 1.522635, 0.661298],
[0.646467, 0.667163, 0.844194],
[0.534812, 0.546308, 0.923045],
[-1.617638, 1.141776, 0.594800],
[-1.724650, 1.110187, 0.116290],
[0.544590, 0.190626, 0.871004],
[0.686233, -0.091812, -0.116885],
[0.327912, 1.572182, 0.368247],
[-1.212491, 2.096048, 0.556401],
[-1.522222, 1.287961, 1.011642],
[-1.552449, 1.257858, 0.948667],
[0.247654, 0.829129, 1.060492],
[-0.645855, 0.684904, 0.834509],
[-1.102078, 2.068581, 0.512639],
[1.196182, 0.173768, 0.384757],
[-0.619359, 2.082987, -0.131026],
[-0.356669, 2.323665, -0.377671],
[-0.705597, 2.461954, -0.008555],
[-0.629551, 2.553471, -0.093435],
[-0.012228, 0.377016, -0.681425],
[0.225532, -0.205733, -0.460056],
[-0.420284, 0.892965, -0.638936],
[-1.178846, -0.038354, 0.041242],
[-0.841540, -0.135756, 0.849947],
[-1.081774, -0.330477, 0.376399],
[0.064924, 1.629485, 0.114157],
[-1.439640, 1.929837, -0.442771],
[-1.079091, 1.736304, -0.044305],
[-1.346216, 2.491179, -0.938244],
[-1.243450, 2.272902, -0.797399],
[-1.311172, 2.293172, -1.185586],
[-1.463230, 2.217329, -0.723849],
[-1.569656, 2.261213, -0.598432],
[0.700600, 0.022463, 0.632004],
[-1.066650, 1.009294, -0.432492],
[-1.475575, 0.763322, 0.811836],
[-1.695895, 0.812097, -0.089125],
[0.050202, 1.024338, 0.892281],
[-0.514120, 0.615532, 1.047657],
[0.666873, 1.065817, -0.255249],
[0.480084, 0.992242, -0.404629],
[0.100910, 0.916165, -0.593879],
[-0.077416, 0.920757, -0.642232],
[-0.322540, -0.305681, 0.894524],
[-0.720012, -0.277214, 0.924915],
[-0.709577, -0.304515, 0.880252],
[-0.722290, -0.190517, 0.922328],
[-0.508447, 1.439622, -0.143734],
[-0.857532, 1.584223, 0.157019],
[0.415173, -0.283639, 0.160894],
[0.281610, -0.294628, 0.246186],
[-0.078966, -0.230066, 0.191174],
[0.860612, 0.092186, -0.132132],
[-0.561578, -0.298153, -0.399905],
[-1.563216, 1.042710, -0.180901],
[-0.495251, -0.303155, 0.874376],
[-0.593125, -0.314401, 0.325872],
[-0.978881, 0.552313, 0.878972],
[-1.008083, 0.223995, 0.664937],
[-0.299513, 0.762664, 1.135799],
[-0.868030, -0.131689, -0.351296],
[-0.626249, 0.319325, -0.453779],
[0.665497, 0.860424, 0.814810],
[0.955974, 0.432776, 0.113410],
[0.590333, -0.151225, 0.614670],
[0.661782, -0.170875, 0.555187],
[-1.788033, 0.898040, 0.280546],
[-1.617223, 1.421621, -0.098522],
[-1.528946, 1.389238, -0.144592],
[-1.679806, 0.998614, -0.075338],
[0.274998, 0.282579, -0.603118],
[-0.227259, 2.656178, -0.548578],
[-1.053485, -0.309829, 0.688564],
[-1.171991, -0.193091, 0.396552],
[-1.168305, -0.041298, 0.150264],
[-0.716071, -0.042685, 0.787726],
[-0.690739, 0.352224, 0.823330],
[-1.730458, 2.047335, 0.486027],
[-1.791661, 1.686692, 0.619863],
[-0.722213, 1.526978, 0.393967],
[-0.293423, 1.466260, 0.638871],
[-0.977410, 1.112141, -0.395484],
[-0.717935, 1.482108, -0.136479],
[-1.522374, 2.103050, 0.132613],
[-1.156969, 0.006830, 0.083215],
[-0.952651, 0.255843, -0.255718],
[-1.400393, 1.832881, 0.917084],
[-1.090544, -0.017971, 0.738837],
[-1.197648, -0.061617, 0.790710],
[-1.083844, -0.026656, 0.579736],
[-0.611700, -0.187233, 1.036088],
[-0.533041, -0.013909, 0.951146],
[0.120321, 0.488725, 1.135185],
[0.685790, 1.275385, 0.491713],
[-0.633353, 2.349431, -0.328854],
[-1.133718, 2.008355, -0.032188],
[-1.312794, 2.085986, 0.038466],
[-1.380222, 1.917671, -0.475068],
[-0.708733, 0.853429, 0.894695],
[-0.579629, 0.282892, 0.756924],
[-0.313608, -0.039948, -0.605643],
[-1.328390, 1.997303, -0.706758],
[-1.291796, 2.158118, -1.094129],
[-1.366108, 2.161075, -1.090312],
[-1.454597, 2.107286, -0.664765],
[-0.901029, 2.339736, 0.072386],
[-1.460032, 1.052657, 0.757311],
[-1.115566, 1.491125, -0.139542],
[-1.203695, 1.568386, -0.151508],
[-0.802021, 1.339642, -0.288541],
[-0.474373, 0.507776, -0.765280],
[1.143789, 0.313584, 0.492394],
[1.212130, 0.357420, 0.278775],
[-0.035878, -0.201661, 0.944214],
[-0.044051, -0.116638, 0.934333],
[-1.206662, -0.297781, -0.192970],
[0.349036, -0.306854, 0.445766],
[0.411470, -0.275844, 0.362381],
[0.133521, -0.298352, 0.488244],
[-0.065024, -0.238502, 0.297721],
[-0.809194, 1.989983, 0.065622],
[0.464648, -0.301870, 0.026781],
[0.558751, -0.298054, 0.087899],
[-0.365827, 0.974887, 0.885978],
[-0.317719, 1.054414, 0.871058],
[-0.311141, 0.924830, 1.046599],
[0.767011, 0.223989, -0.185224],
[0.069808, 0.274496, 1.135703],
[-0.428326, 0.630298, -0.781651],
[-1.001938, 0.389142, -0.286579],
[-1.113036, 0.252695, -0.127592],
[-1.473230, 2.464864, -0.742797],
[0.709945, 0.478292, -0.284305],
[0.724284, 0.802856, -0.312423],
[-1.073943, -0.222695, 0.944564],
[0.413242, -0.294901, 0.568768],
[-1.058649, 0.206661, 0.545492],
[-1.275603, 0.207949, 0.398984],
[-1.729136, 1.170525, 0.261785],
[-1.743461, 1.213626, 0.182196],
[-0.443365, 1.114619, -0.451519],
[-0.498804, 0.957695, -0.487184],
[-1.776602, 0.903177, 0.157833],
[-1.230350, 2.097675, 0.073567],
[-1.038225, 0.620748, 0.884953],
[-0.753825, 2.203370, -0.255536],
[-0.231930, 0.133137, 1.051599],
[1.186192, 0.378432, 0.163851],
[-1.528920, 2.116407, -0.138891],
[-1.146618, -0.182564, 0.933856],
[1.066934, 0.471185, 0.355504],
[0.691699, 0.046002, -0.138828],
[-0.432635, -0.233058, 0.554199],
[0.144089, -0.122009, 0.908199],
[-0.131279, -0.082618, 0.943522],
[-1.565539, 2.495318, -0.879220],
[-1.434934, 2.534781, -0.916375],
[-1.285551, 2.591291, -1.207630],
[-1.501087, 2.577730, -1.066188],
[-1.319315, -0.315638, 0.276900],
[-1.394279, -0.313620, -0.087590],
[0.411444, -0.138541, -0.407741],
[-1.463782, 1.563171, 1.050018],
[-1.250889, 1.318694, 0.814312],
[1.116697, -0.008763, 0.386215],
[-1.148985, -0.062524, -0.066322],
[0.391118, 1.141388, -0.332997],
[-0.846518, -0.319785, -0.109159],
[-0.755822, -0.233673, -0.151151],
[-0.785448, -0.322276, -0.312013],
[-1.341326, 2.104651, -0.042011],
[-1.401521, 2.147704, -0.048522],
[0.131849, 1.144036, -0.405285],
[-0.902540, -0.328504, -0.389357],
[-0.715123, -0.153494, -0.579492],
[-1.122038, 0.360100, 0.748680],
[-1.153455, 0.735413, 0.886242],
[-1.400318, 0.599977, 0.807797],
[0.115174, -0.001407, -0.577563],
[-1.411904, 2.114071, 0.147061],
[-1.088163, 2.033969, 0.539569],
[-1.502236, 1.166259, 0.756263],
[0.769892, 0.861381, 0.683584],
[-0.756001, 2.340704, 0.038501],
[-0.803198, 2.187103, 0.051061],
[-1.126461, 1.753284, 0.639485],
[0.166083, -0.219730, 0.647749],
[0.229634, -0.308587, 0.461183],
[0.079583, -0.319594, 0.109538],
[0.127880, -0.305391, 0.125153],
[-0.039897, -0.216962, -0.270640],
[-1.809569, 1.323341, 0.555705],
[-0.609851, -0.234482, 0.050366],
[-0.570124, -0.248684, 0.436624],
[-0.599886, 0.764933, -0.605808],
[-0.650954, 0.652465, -0.590635],
[-0.538545, 0.417925, -0.698806],
[-0.552595, 0.770661, 0.945308],
[-0.376352, 0.527265, 1.106933],
[1.099361, 0.241108, 0.554333],
[0.787551, 0.269089, 0.657653],
[0.705709, 0.170226, 0.730796],
[-0.966682, 0.572380, -0.384776],
[-0.673904, 0.527858, -0.538838],
[0.581737, 0.411668, 0.836014],
[0.636811, 0.437107, 0.815297],
[0.660212, 0.369190, 0.799074],
[-1.797081, 0.957430, 0.301475],
[0.009379, -0.244099, -0.292249],
[0.061687, -0.310789, -0.321066],
[-0.169590, 2.465573, -0.538755],
[-0.992316, 1.751728, 0.382774],
[-0.225676, 2.324453, -0.309902],
[-0.221939, 2.288084, -0.317885],
[0.409376, -0.026195, 0.826995],
[0.426610, 0.733711, 0.987199],
[0.456458, 0.780731, 0.971540],
[-0.625277, -0.005001, -0.366986],
[-0.626114, -0.172408, -0.601412],
[0.308826, 1.549213, 0.507097],
[-1.244740, 2.192988, -0.425920],
[-0.866437, 2.321339, -0.195405],
[0.427789, 1.430319, 0.626851],
[0.203958, 1.065183, 0.924564],
[0.333858, 1.249042, 0.764908],
[0.288542, 1.172602, 0.814764],
[-0.441971, 2.599509, -0.421366],
[-0.281965, 2.646840, -0.562863],
[-0.381973, 2.525348, -0.470206],
[0.008499, 0.066553, -0.608973],
[-1.238899, 0.218755, -0.024616],
[-1.425143, 0.470859, 0.721989],
[-0.822153, 0.555761, 0.866758],
[-0.942420, 0.475549, 0.837525],
[0.588184, 1.132144, -0.265620],
[-1.513897, 2.204889, -0.223510],
[-0.601167, 0.008203, 0.844281],
[-0.652053, 0.027042, 0.750123],
[-0.494370, 0.025832, 0.853190],
[-0.497333, 2.668694, -0.286692],
[-0.613596, 0.143107, -0.363505],
[-0.582266, 2.087811, -0.066421],
[0.927000, 0.175666, 0.639187],
[0.909431, 0.384437, 0.481253],
[0.998217, 0.413343, 0.472609],
[-0.949199, -0.283035, 0.167069],
[-0.893334, -0.305688, 0.358334],
[-0.523296, -0.271168, 0.795220],
[-0.748309, -0.291054, 0.492681],
[-0.769419, -0.325485, 0.171336],
[-0.716782, -0.299716, 0.398236],
[-0.681973, -0.321814, 0.447669],
[-1.844307, 1.350064, 0.177607],
[-1.215310, -0.187508, -0.158301],
[0.928909, 0.042603, 0.632378],
[1.069270, 0.099079, 0.558790],
[-0.692658, 0.574867, -0.468254],
[0.198933, -0.300460, -0.161171],
[0.269447, -0.313748, -0.195154],
[-0.203851, 0.586522, -0.756856],
[-0.257523, 0.828746, -0.730601],
[-1.394573, 0.371314, -0.106781],
[-0.862662, 1.965584, -0.064259],
[-0.851267, 2.032686, -0.129576],
[-1.104157, 1.820265, -0.047318],
[-1.253557, 2.006994, -0.439597],
[-1.266650, 1.844722, 0.761782],
[-1.370560, 1.968963, 0.807185],
[-1.008116, 2.274867, -0.076958],
[-1.142702, 0.872395, 0.906959],
[-0.981968, 0.836753, 0.884338],
[-0.314163, -0.086983, 1.011636],
[-0.410376, -0.074806, 1.046499],
[0.960690, -0.032044, 0.560213],
[-1.328728, -0.240668, 0.584941],
[-1.621911, 1.906869, -0.016319],
[-1.556859, 1.939089, -0.071314],
[-0.702329, -0.306995, 0.659837],
[-1.359384, 1.273846, 0.972601],
[-0.058280, 0.975298, -0.542163],
[-0.992965, 1.447060, -0.224607],
[-1.521011, 2.024147, -0.345436],
[0.857153, 0.961874, 0.016050],
[0.889868, 0.816457, -0.018558],
[0.806553, 1.136211, 0.168706],
[-0.194995, 0.980814, 1.004065],
[0.014285, 0.777605, 1.127655],
[-1.511883, 0.345638, 0.295774],
[-1.684139, 0.564459, 0.079618],
[-1.308831, 1.033050, 0.832771],
[-1.259183, 2.154508, -0.804861],
[0.155630, 1.138039, 0.822417],
[-1.545205, 0.795799, 0.762438],
[-1.586648, 1.543790, -0.121565],
[-1.781098, 1.395522, 0.044527],
[-1.140404, 0.133644, 0.093182],
[-0.677712, 0.176726, 0.775755],
[-1.791749, 1.991415, 0.496921],
[-1.831412, 1.894000, 0.429156],
[-1.868317, 1.546794, 0.273662],
[-0.548222, -0.330430, -0.531045],
[-1.123458, 1.291358, 0.714806],
[-0.635035, -0.101867, -0.565111],
[-0.600380, 1.159222, 0.784285],
[-0.312177, 1.504673, -0.081211],
[-0.327420, 1.342096, -0.307120],
[-0.610901, 1.271102, -0.342852],
[0.300543, 1.405611, 0.691852],
[0.582898, 1.273625, 0.649074],
[-0.456949, -0.239701, 0.368838],
[-0.528817, -0.244065, 0.309000],
[-0.847764, -0.329606, 0.131884],
[-1.027412, 1.514323, -0.132839],
[-1.250111, -0.189484, 0.859190],
[0.872745, -0.166785, 0.059281],
[0.380068, -0.294243, -0.119546],
[0.465453, 0.024973, -0.461191],
[0.435537, 0.064821, -0.522333],
[0.431324, -0.067451, -0.397772],
[0.136658, 0.801061, 1.099223],
[0.083065, 0.708018, 1.148819],
[-1.530140, 1.960792, -0.167501],
[-1.443636, 1.985691, -0.774756],
[-1.495970, 2.004519, -0.597602],
[-1.380599, 1.995486, -0.832293],
[-0.503632, 0.297942, -0.658586],
[-1.149549, 0.290003, 0.655063],
[-1.719043, 1.486413, 0.973735],
[-1.759457, 1.566553, 0.919585],
[-0.961923, 2.337360, 0.029813],
[-0.286534, 0.256799, 1.077526],
[0.223772, 0.107139, 1.051585],
[0.317671, 0.034089, 0.934502],
[-1.280479, 2.359064, -0.797617],
[-1.300369, 2.463821, -0.970325],
[-0.895019, 1.965212, 0.130529],
[-0.923899, 1.904295, 0.085745],
[-0.867457, 1.945529, -0.013378],
[0.313676, 1.585481, 0.186669],
[-0.100549, -0.323239, -0.450596],
[-0.224158, -0.296847, -0.505519],
[-0.064881, -0.292733, -0.488983],
[-0.200375, -0.276179, 0.994672],
[-0.186042, 2.351890, -0.387842],
[-0.229592, 2.417085, -0.382116],
[0.564725, 0.397023, -0.451823],
[0.515626, -0.214551, 0.621637],
[-0.283684, 2.488212, -0.389671],
[1.140813, 0.436240, 0.166140],
[1.171512, 0.381583, 0.405197],
[-0.738630, 1.443725, 0.563374],
[-1.365305, 1.829965, -0.178647],
[-1.097760, 1.961596, 0.554856],
[-1.211341, 2.017999, 0.708971],
[-1.218645, -0.318728, 0.390002],
[-1.285526, -0.280617, 0.350299],
[-1.281604, -0.185696, 0.526701],
[-1.390881, 1.686132, -0.167630],
[-1.692363, 1.931412, 0.110883],
[-1.791774, 1.932693, 0.212671],
[-1.647327, 1.834371, 0.017512],
[-0.341006, 0.857089, -0.707717],
[-1.067326, -0.126627, 0.375787],
[-1.792079, 1.827590, 0.612626],
[-1.830461, 1.970322, 0.321352],
[0.467196, 1.275075, 0.704289],
[-0.833802, 2.455629, -0.078073],
[-1.231733, 2.302922, -1.195965],
[-1.090744, 2.087829, 0.285675],
[-1.066537, 2.116009, 0.223714],
[-0.823894, 2.303719, 0.083444],
[0.927682, -0.032437, -0.085825],
[0.993185, -0.095566, 0.059253],
[-0.509749, 1.180424, -0.414444],
[0.083174, 0.579928, 1.120108],
[-1.315535, 1.229965, 0.763266],
[-0.247772, 0.017266, 1.013309],
[-0.190429, -0.059039, 0.955262],
[-0.116187, 1.368686, 0.772690],
[-0.988708, 1.970271, 0.225534],
[-1.778141, 1.891910, 0.621245],
[1.076716, 0.417284, 0.083437],
[-1.365507, 2.252043, -0.267854],
[-0.292757, 0.608561, 1.139272],
[-1.471038, 2.361837, -0.875640],
[-1.427686, 2.298665, -0.914458],
[-1.587335, 2.380044, -0.790444],
[-0.148150, 1.135637, 0.880118],
[-0.145787, 1.028969, 0.880017],
[0.438667, 0.604292, -0.524662],
[0.264548, 0.114229, -0.587109],
[-1.618023, 1.626455, 1.049698],
[-1.490262, 1.841325, 0.935308],
[-1.535024, 0.956766, 0.739513],
[-1.384905, 0.671042, -0.349755],
[-1.358789, 0.843795, -0.333148],
[-0.152416, 0.814447, 1.140287],
[0.868176, 0.305324, 0.541623],
[0.880762, 0.401966, 0.497020],
[0.928473, 0.469129, 0.370433],
[0.960543, 0.470615, 0.268548],
[-1.546697, 1.133708, 0.677706],
[-1.590981, 1.178947, 0.720820],
[-1.682850, 1.197865, 0.074900],
[-1.137909, 0.128544, 0.015541],
[-0.371984, 0.619525, 1.149543],
[-0.364603, 0.673072, 1.156753],
[-0.062610, 0.049076, -0.629750],
[-0.886773, 0.808258, -0.444950],
[-0.804202, 0.668391, -0.423060],
[0.806964, 0.677800, 0.662994],
[-0.968728, 1.967407, -0.067331],
[-0.192480, -0.210783, 0.765148],
[-0.246695, 1.596475, 0.290714],
[-0.091608, -0.282360, 0.966328],
[-1.543472, 0.631762, 0.721464],
[-0.300314, -0.285240, 1.022785],
[-0.637166, -0.281076, 1.015965],
[-0.608731, -0.300929, 0.996838],
[0.258051, 0.656634, -0.610071],
[0.116405, 0.861316, -0.640705],
[0.360005, 0.241057, 0.980968],
[0.188896, -0.285229, 0.090109],
[-0.937431, 0.486957, -0.340325],
[-1.410200, 0.913315, -0.319328],
[-1.488821, 0.680007, -0.302029],
[-1.673667, 0.933068, -0.087374],
[-1.377229, -0.129833, 0.036143],
[-1.337801, -0.093865, 0.102062],
[-1.422502, -0.243174, -0.004062],
[-1.313063, -0.303786, 0.578415],
[-1.344254, -0.274495, 0.656600],
[-1.013562, -0.062633, 0.350784],
[-1.038180, 0.059332, 0.477409],
[-0.501699, -0.301165, 1.040593],
[-1.218477, -0.329073, 0.140345],
[-0.683987, 1.547944, 0.256851],
[-0.579236, 2.431180, -0.170874],
[-0.420491, 0.108094, 0.924909],
[-1.198169, 0.176359, 0.120329],
[-1.117916, 0.139521, 0.191985],
[-1.179879, 0.191296, 0.034314],
[-0.616191, 1.372617, 0.598300],
[0.052635, 1.512862, 0.642307],
[-0.159777, 1.528214, -0.144064],
[0.445365, 1.504513, 0.453548],
[0.085234, -0.305546, 0.000720],
[-1.553161, 2.047431, -0.035249],
[-0.965767, 1.582935, -0.019302],
[-0.856966, -0.234202, -0.520907],
[-0.734558, -0.080079, -0.493492],
[-0.920847, -0.309411, -0.403603],
[0.074456, 1.593396, 0.515025],
[0.205264, 1.609710, 0.413558],
[-1.226832, 1.535775, 0.836021],
[-1.310826, 1.386634, 1.017050],
[-1.139078, 2.100584, 0.424225],
[-1.154297, 0.246038, 0.562864],
[0.321858, 0.477279, 1.048787],
[-1.328903, 1.957362, -0.594051],
[-0.514749, 2.341794, -0.356533],
[-0.242950, 1.267280, -0.356378],
[-0.184303, 1.116891, -0.457300],
[-1.071147, -0.328430, 0.236122],
[-1.009159, -0.328246, 0.156260],
[-0.807355, 1.055958, 0.809141],
[-1.440983, 2.168154, -0.080636],
[0.853381, 0.630045, -0.112789],
[-0.492497, 0.765034, 1.046337],
[-0.435086, 2.705500, -0.260431],
[-0.311322, 2.733525, -0.477550],
[-0.349591, 2.713100, -0.479241],
[-1.350877, 0.492183, -0.303208],
[-1.240308, 0.323853, -0.173414],
[-1.825308, 1.470848, 0.887160],
[-1.831813, 1.392237, 0.882092],
[-0.124301, 0.564236, -0.757050],
[-1.137585, 1.649790, 0.729391],
[0.088024, -0.322188, 0.279088],
[0.094529, -0.316691, 0.217978],
[-0.979246, 0.756525, 0.911136],
[-1.084195, 0.788317, 0.900218],
[0.369431, 1.503105, 0.526612],
[-0.859142, 1.546797, 0.347763],
[-0.154207, 1.399048, -0.273732],
[0.719980, 0.546776, 0.773355],
[0.624083, 0.522688, 0.863341],
[-1.233636, 1.811064, -0.123714],
[-1.192834, 2.081627, 0.021560],
[0.450322, -0.155504, -0.204133],
[0.588453, -0.059329, -0.146574],
[0.456879, -0.190004, -0.138842],
[-0.787066, -0.287415, 0.848339],
[-0.890630, -0.269623, 0.897320],
[-1.681896, 0.747590, 0.581201],
[-1.101228, 0.932698, -0.432062],
[-0.602949, 0.523153, -0.680002],
[-0.742750, -0.027243, -0.262653],
[-0.863470, -0.055747, -0.223306],
[-0.710431, 1.282013, -0.335760],
[-1.810245, 1.899805, 0.284292],
[1.163583, 0.081723, 0.421726],
[-1.666190, 1.453731, 0.986076],
[-1.608784, 1.327778, 0.969101],
[-1.560750, 1.471034, 1.044316],
[-1.280398, 1.943670, -0.396136],
[-1.429620, 1.942648, -0.531904],
[-1.313651, 1.360213, -0.179123],
[-1.521901, 1.998452, -0.334267],
[-1.462635, 1.874141, -0.198729],
[-1.338001, 2.428372, -0.812260],
[-0.031156, 1.303827, 0.823877],
[0.691518, 0.904995, -0.268036],
[0.483704, 1.057795, -0.366871],
[0.413390, 0.811301, -0.494270],
[-0.725234, -0.326844, 0.122485],
[0.421154, 0.202299, 0.963889],
[-0.581285, -0.075230, 0.993355],
[-0.098503, -0.301705, -0.339513],
[-0.795718, 0.290234, -0.278910],
[-0.987913, 1.836211, 0.183276],
[0.634929, 0.237543, -0.371155],
[0.330084, -0.314520, 0.036974],
[0.318467, -0.279762, 0.075989],
[0.433132, -0.312952, 0.114374],
[0.732032, 0.798843, 0.754899],
[-0.914828, 0.908824, 0.866803],
[0.513039, 0.579410, 0.961883],
[-0.640105, -0.313576, 0.476376],
[-0.950466, 2.359977, -0.080425],
[-0.810887, 2.450973, -0.177214],
[0.344506, 1.468750, -0.121973],
[-1.254355, 2.212095, -0.918534],
[-1.248030, 2.263597, -1.005055],
[-1.145265, 0.409544, -0.311304],
[-1.213412, 0.392387, -0.286385],
[-0.933192, 2.162455, 0.164900],
[-0.765909, 2.141051, 0.104381],
[-0.870495, -0.324046, 0.557736],
[0.302637, 0.705244, 1.035503],
[0.254260, 0.765086, 1.077801],
[0.903538, 0.693523, 0.060167],
[0.893212, 0.556721, -0.029901],
[0.778016, -0.145015, 0.563422],
[-0.545607, 1.010850, 0.874911],
[-0.454251, 0.874593, 0.994330],
[-1.454133, 0.281332, 0.347390],
[-0.302053, 1.435276, -0.166900],
[-0.552355, 0.616312, -0.731720],
[-0.533769, 0.747793, -0.716758],
[-1.305736, 2.527949, -1.217316],
[-1.053194, 0.306563, -0.208268],
[-1.428441, 0.893929, 0.840359],
[-1.286798, 0.648523, 0.880272],
[-1.589755, 2.099497, 0.480824],
[0.179561, -0.188346, 0.905880],
[0.324936, -0.061172, 0.866242],
[1.123316, 0.013593, 0.102593],
[-0.841996, 0.702729, 0.851044],
[-0.874784, 0.624476, 0.840930],
[-1.047950, 1.887167, -0.008989],
[1.173047, 0.238049, 0.460513],
[0.968152, 0.325429, 0.559444],
[1.047441, 0.286467, 0.570031],
[-1.695006, 1.878924, 0.119120],
[-1.376600, 2.128363, 0.412211],
[0.229458, -0.096578, 0.891456],
[0.246030, 0.011629, 0.974512],
[-1.721185, 1.224124, 0.452390],
[-1.687213, 1.136397, 0.488069],
[-1.268248, -0.113396, 0.758109],
[-1.051727, -0.315539, 0.538194],
[-1.036437, -0.330598, -0.224115],
[-0.257059, 2.597671, -0.467157],
[-0.328165, 2.199173, -0.191733],
[-0.377567, 2.183409, -0.207401],
[-1.238801, -0.119621, 0.555638],
[-0.985639, 1.886415, 0.176144],
[-0.522665, 2.588195, -0.348128],
[-0.692128, 2.434087, -0.288797],
[-1.266747, -0.326316, -0.159376],
[0.191524, 0.259069, 1.092841],
[-1.228095, 1.461905, 0.853076],
[-0.459871, 0.839157, -0.698195],
[0.025194, -0.112327, 0.919966],
[0.228712, 1.372040, -0.302166],
[0.062472, 1.332877, -0.363472],
[0.335542, 1.356691, -0.262905],
[-1.301080, 0.725087, -0.381052],
[-1.122920, 1.109123, -0.370795],
[-1.062722, 0.181989, 0.489016],
[-1.004477, 0.014710, 0.372837],
[-0.613954, 0.419985, 0.795933],
[0.692899, 0.955955, 0.736148],
[0.541448, 1.168053, 0.753337],
[-1.719221, 0.596120, 0.166086],
[-1.730901, 0.683826, 0.375920],
[-0.954564, -0.135026, 0.875902],
[-1.733326, 1.424865, -0.043836],
[-1.701437, 1.701824, 0.006693],
[-1.441572, 2.381439, -0.492313],
[-1.391319, 2.393445, -0.556080],
[0.383148, 1.244795, -0.307169],
[-1.450514, -0.291662, 0.044667],
[-0.881865, 0.417024, 0.843308],
[-1.083949, 0.465667, 0.821153],
[-1.027711, 0.347810, 0.737497],
[-1.039843, 0.268933, 0.657535],
[-0.686475, 2.333570, -0.076039],
[-1.752256, 1.211088, 0.347620],
[-1.883672, 1.409123, 0.304132],
[-1.084386, -0.329522, 0.018804],
[-1.517709, 2.103518, -0.042779],
[-0.480318, 2.196601, -0.259304],
[-0.217507, 2.620424, -0.587759],
[-1.083800, -0.016255, -0.115375],
[-0.992567, 0.030089, -0.169542],
[0.756166, 0.119897, 0.625249],
[-0.520417, 1.499364, 0.027521],
[-0.875319, 0.247934, -0.265492],
[-1.568355, 2.244309, -0.502959],
[-1.492993, 2.259223, -0.702951],
[-0.654756, -0.325411, 0.202738],
[0.264570, -0.062172, -0.509481],
[-0.033837, -0.051900, -0.594512],
[-0.339748, -0.112437, -0.550801],
[-0.392047, 0.057006, -0.623323],
[0.042999, 0.425564, 1.125046],
[-0.022160, 0.246701, 1.134949],
[-0.862043, 1.510019, -0.169385],
[-0.902786, 1.539418, -0.115408],
[0.198607, 1.625190, 0.252438],
[-1.575861, 2.446769, -0.897756],
[-1.353366, 2.493276, -1.160096],
[-1.162290, 1.946813, 0.657007],
[1.068061, 0.470690, 0.210864],
[-1.596681, 0.773957, -0.176791],
[-0.719492, -0.279420, 0.277271],
[-0.687473, -0.324330, 0.259142],
[-1.694330, 0.684876, -0.047058],
[-0.276608, 1.545271, 0.505585],
[-1.714242, 1.213596, 0.756513],
[-1.785636, 1.247577, 0.733456],
[0.408345, 0.059800, 0.923306],
[-0.982064, 0.181767, -0.224573],
[-0.309417, 0.471246, 1.110684],
[-0.125430, 0.833583, -0.713169],
[-0.269878, 2.276969, -0.230962],
[-0.133462, -0.302230, 0.829774],
[-0.093614, -0.213558, 0.732159],
[-1.265638, 2.351313, -1.220399],
[-0.582408, -0.306497, 0.842928],
[-1.088416, -0.319623, -0.242132],
[0.907647, -0.123045, 0.488266],
[0.092069, -0.243203, -0.485272],
[0.103882, -0.319109, -0.419096],
[0.020846, -0.295570, -0.479619],
[0.449814, -0.272656, 0.264732],
[0.511418, -0.311172, 0.232031],
[-1.260647, 2.122698, 0.446911],
[-0.805733, -0.090590, -0.442121],
[-0.924510, -0.235729, -0.356592],
[-0.812258, -0.068703, -0.343028],
[-1.158756, -0.308882, 0.882934],
[1.160340, 0.438359, 0.303158],
[-1.573866, 0.466161, -0.072783],
[-1.502122, 0.440696, -0.131748],
[-0.591137, 0.018988, -0.413540],
[-0.712010, 2.536089, -0.154703],
[-1.514419, 0.844195, -0.279816],
[-1.474763, 2.094789, -0.518700],
[-1.183140, 1.945199, -0.038363],
[-1.471025, 2.118977, 0.494858],
[-1.228690, 1.207994, 0.745694],
[-1.635006, 0.605648, -0.065993],
[-1.579768, 0.679226, -0.204421],
[0.046599, 1.024274, -0.449843],
[-0.575658, 1.499412, 0.351867],
[-1.352303, 1.795068, 0.893166],
[-1.531465, 1.553438, -0.157144],
[-1.302967, 0.522594, -0.344567],
[-0.012555, 0.584749, -0.717107],
[-0.041421, 0.681874, -0.746661],
[0.451234, 0.253384, -0.513837],
[0.122353, 0.204859, -0.615560],
[0.127034, 0.297439, -0.652829],
[0.529096, 0.479910, -0.489196],
[-0.798239, -0.319889, -0.588355],
[-0.664055, -0.328979, -0.593188],
[-0.419086, -0.170908, -0.576726],
[-0.613562, 0.576300, 0.824357],
[-0.568583, 0.458831, 0.812309],
[-1.776034, 0.966603, 0.428855],
[-1.800814, 1.593498, 0.838184],
[-1.748126, 1.724615, 0.866791],
[-1.690605, 1.809445, 0.876172],
[-1.677195, 0.540882, 0.342054],
[-1.643376, 0.543516, 0.460522],
[-1.102728, 0.623972, 0.902851],
[-1.438016, 1.881927, -0.296812],
[-1.185362, -0.275385, 0.923298],
[-1.335575, -0.191955, -0.109403],
[-1.887160, 1.433442, 0.479305],
[-0.118763, 1.511331, -0.177539],
[0.052106, 1.610366, 0.023887],
[0.455374, 1.511825, 0.182247],
[0.001754, -0.303585, 0.151296],
[-0.560324, 1.076605, -0.464320],
[-0.861561, 0.103287, -0.227921],
[-0.852473, 0.025062, -0.222144],
[0.357760, -0.139317, 0.881960],
[0.452293, -0.233110, 0.754812],
[-1.043995, 0.019001, 0.625257],
[-0.325013, -0.319357, -0.398050],
[-0.880347, 2.141469, 0.117137],
[-1.804321, 1.785146, 0.297773],
[-1.822767, 1.793442, 0.402086],
[-0.027292, 0.945234, 1.064933],
[-1.187240, 1.442930, -0.171712],
[-0.994380, 1.577243, -0.047966],
[-1.047906, 1.551997, -0.095040],
[0.536597, 0.676306, 0.931238],
[1.082470, 0.436992, 0.430050],
[0.012331, 0.272037, -0.687719],
[-1.249706, -0.295879, 0.402494],
[-1.375075, 0.217196, 0.259773],
[-1.431768, 0.263018, 0.246372],
[-1.228389, 2.164426, -0.514619],
[-1.790082, 1.788599, 0.719527],
[-1.057826, 1.753321, 0.554121],
[-0.344180, -0.010406, 0.939453],
[-1.266207, 2.063408, 0.682060],
[-1.161060, 2.064003, 0.625285],
[-0.284398, 0.192270, -0.719406],
[-1.341331, 2.219314, -1.141967],
[0.891038, 0.931079, 0.123111],
[0.953225, 0.447101, 0.357080],
[0.905339, 0.845774, 0.262581],
[-0.075452, -0.225198, 0.540899],
[-0.005730, -0.304529, 0.798572],
[0.403786, 0.123626, 0.963077],
[-1.063554, 1.158656, 0.786734],
[0.158671, 0.497843, 1.130245],
[0.210331, 0.628933, 1.091056],
[-0.766266, 1.076321, -0.406908],
[0.849813, 0.263459, -0.044074],
[-0.646890, 0.153131, -0.237532],
[-0.649948, 0.295132, -0.369037],
[-1.425301, 1.305842, -0.157079],
[0.311947, 0.137530, 0.983234],
[0.139223, 0.149105, 1.062013],
[-0.552962, 2.618902, -0.148855],
[-0.484720, 2.622844, -0.195018],
[0.177908, 1.055280, -0.414893],
[-0.213603, 0.442961, -0.758446],
[-0.303722, 0.622699, -0.789603],
[-0.284060, 0.552323, -0.767937],
[-0.339408, 0.740204, -0.775260],
[0.272194, 0.403056, -0.630221],
[0.218457, 0.574328, -0.642696],
[0.793812, 1.013695, -0.107150],
[-0.652326, 1.328088, 0.646406],
[-1.767480, 1.585090, 0.051531],
[-1.289406, 0.263794, 0.520909],
[1.222075, 0.216036, 0.205608],
[-1.539211, 2.081674, 0.048063],
[-1.705307, 2.012481, 0.128803],
[-1.615475, 1.671174, -0.076880],
[0.549515, 1.093619, 0.765688],
[-1.525504, 2.329841, -0.475285],
[-0.230725, -0.002308, -0.624204],
[-0.784146, -0.316235, 0.549759],
[-0.899904, -0.306639, 0.838980],
[-1.400079, 1.315629, 1.039379],
[0.224295, -0.274203, -0.451060],
[-0.671012, -0.178503, 1.002383],
[-0.220381, -0.305622, 0.948464],
[0.280272, 0.323451, 1.058274],
[-0.340413, 2.727708, -0.382966],
[-1.323472, -0.099855, 0.157723],
[-1.309450, -0.142461, 0.228947],
[-1.201938, -0.234447, 0.408346],
[-0.119267, -0.218156, -0.242845],
[0.905467, 0.499891, 0.039438],
[0.826109, 0.308482, -0.092003],
[-0.598259, 2.238960, -0.059382],
[-0.387670, 1.233495, -0.388862],
[0.644519, -0.227318, -0.024515],
[-0.539436, 0.136549, 0.748990],
[-0.504261, 0.061121, 0.798727],
[-0.553601, 0.049661, 0.755296],
[0.071028, 0.380799, 1.114590],
[-0.506524, -0.219494, 0.758775],
[-1.852673, 1.444692, 0.586960],
[0.876228, 0.521397, 0.523224],
[0.933107, -0.161897, 0.320888],
[-0.528568, -0.035851, -0.512545],
[-0.083030, 1.621453, 0.192969],
[0.114067, -0.112987, -0.500755],
[0.352279, -0.300043, -0.270746],
[-1.312826, 2.117772, -0.140173],
[-1.201727, 1.904504, 0.736705],
[-0.324175, 0.969559, -0.489892],
[-0.143755, 0.999759, -0.485684],
[-0.495253, -0.233629, -0.089895],
[-0.640012, 0.953073, 0.892418],
[-0.353041, 1.200215, 0.822261],
[-0.434578, 1.091565, 0.860463],
[-0.913099, 0.327655, 0.791155],
[-0.904992, 0.174477, 0.778404],
[-1.060002, 1.979898, 0.450378],
[-0.268814, 2.686594, -0.549564],
[-0.236149, 2.578018, -0.594104],
[-0.013037, -0.211704, 0.706260],
[-1.620400, 0.443437, 0.152451],
[-1.154471, -0.325024, -0.219166],
[-1.650861, 1.223971, 0.018287],
[-1.629370, 1.140698, -0.065816],
[0.571839, 1.382135, 0.522279],
[-1.247376, 1.961198, -0.188787],
[-1.016098, -0.009997, 0.732889],
[-1.057227, -0.013676, 0.683757],
[-0.935869, 1.638326, 0.458194],
[-0.731148, 0.778949, -0.480554],
[0.409180, 1.150859, 0.798952],
[0.377647, 1.350106, 0.711271],
[0.141067, 0.980138, 0.963028],
[-0.612309, 0.956532, -0.464619],
[-1.379234, 1.633354, 0.971422],
[0.524968, 0.790354, -0.455309],
[-0.577218, 0.083777, 0.722452],
[0.314038, -0.304471, 0.710943],
[0.302562, -0.313853, -0.055898],
[-0.361928, -0.223549, 0.671981],
[-0.757389, 0.819264, 0.871284],
[-1.453080, 1.961117, -0.601325],
[0.733815, -0.266275, 0.237349],
[-1.374528, 2.623253, -1.089491],
[1.147151, 0.332542, 0.046460],
[-0.978938, 1.867419, 0.102449],
[-1.002948, 1.871997, 0.032386],
[0.773523, 0.152874, -0.103979],
[1.031083, 0.343783, 0.002242],
[-0.794422, 1.373063, 0.620926],
[0.234475, 0.905117, -0.532732],
[0.712237, 1.261574, 0.079490],
[0.213336, 0.777509, -0.624063],
[0.385824, 0.691257, -0.550294],
[-0.831923, 2.197490, 0.070074],
[-0.589265, 2.545137, -0.098362],
[-1.463269, 2.024605, -0.752701],
[-0.715099, -0.235680, -0.264192],
[-0.630243, 0.029050, -0.265358],
[-1.244605, 0.172314, 0.255418],
[0.237297, -0.300743, 0.573216],
[-1.696691, 1.237825, 0.585170],
[-0.226529, 0.957982, -0.573650],
[-0.305885, 1.087993, -0.457352],
[-1.402891, 0.451019, -0.219497],
[0.157738, 0.090490, -0.613698],
[1.168175, 0.057091, 0.241019],
[0.972112, -0.143720, 0.196029],
[-1.670084, 1.305813, -0.027311],
[-1.584277, 1.234039, -0.042115],
[-1.806380, 1.281099, 0.150349],
[-1.258806, 1.247790, -0.279764],
[-0.628010, -0.236972, 0.659639],
[-0.787678, 0.211215, 0.820484],
[-1.005140, 0.413222, 0.778905],
[-0.116986, 0.129960, -0.661993],
[-0.194087, 0.063577, -0.669821],
[0.640517, 0.547742, -0.396481],
[-0.815007, 0.929935, 0.840082],
[-1.561580, 1.558922, 1.070950],
[-1.161592, 0.189833, 0.433132],
[-1.579602, 2.443068, -0.828676],
[-1.561753, 2.195390, -0.474088],
[-1.553236, 2.118849, -0.342015],
[-0.708594, -0.107585, 0.896285],
[-0.312171, -0.233314, 0.159904],
[-0.323556, -0.234124, 0.461968],
[-0.853915, -0.278621, -0.543539],
[-0.869498, -0.312625, -0.526759],
[-0.260184, 0.382198, 1.082918],
[-0.220111, 2.298159, -0.378228],
[-0.269783, 2.239938, -0.260648],
[0.110461, -0.065848, 0.991302],
[0.085442, 0.214185, 1.119845],
[0.029539, 0.061316, 1.070166],
[-0.490299, -0.023759, -0.539237],
[0.111306, 1.087354, -0.428286],
[0.518391, 0.020258, 0.780641],
[0.545895, -0.059270, 0.745779],
[-0.652597, 0.235310, -0.305668],
[-0.667110, 0.227105, -0.263628],
[-1.618859, 1.967276, 0.764488],
[-0.656775, 2.499670, -0.047173],
[-0.656123, 2.452783, -0.045967],
[-0.577904, 0.269805, -0.565556],
[-0.420915, 0.488391, -0.781787],
[-1.168525, 2.115664, 0.255038],
[-0.790718, 1.556153, -0.000531],
[-0.423403, 2.586402, -0.296863],
[-1.179600, 2.131824, 0.155870],
[-1.137092, 2.193902, 0.082945],
[-0.924229, 2.251251, 0.126400],
[-1.360651, 2.110159, 0.553880],
[0.097243, -0.210677, 0.678824],
[0.149072, -0.307817, 0.756761],
[0.072164, -0.302244, 0.761835],
[0.791464, 0.401028, 0.668192],
[-0.063440, 1.278503, -0.365647],
[0.272827, -0.309701, -0.369039],
[0.304190, -0.262316, -0.407263],
[0.048319, -0.215091, -0.125505],
[0.598384, -0.240481, 0.493667],
[-0.687430, 0.732770, 0.853487],
[-1.818936, 1.847656, 0.538919],
[-0.911808, 1.357218, -0.302003],
[-0.461602, -0.046414, 1.027083],
[-1.179768, 0.761046, 0.898592],
[-0.138192, 1.189963, -0.450318],
[-0.135081, 1.242579, -0.416214],
[-1.142623, 0.156957, 0.346457],
[-0.624034, 2.585355, -0.225554],
[0.473107, 1.296189, -0.232716],
[-1.213413, 0.904253, -0.378354],
[0.195065, 0.368159, -0.623057],
[-1.496513, 0.461998, 0.641276],
[-1.247533, -0.308573, 0.821475],
[-1.421015, 0.748717, 0.835262],
[-1.379796, 1.198136, 0.766081],
[-1.395532, 1.159592, 0.743036],
[-1.483762, 1.111490, 0.741762],
[-1.070677, -0.058943, 0.836993],
[-0.962209, -0.033584, 0.778094],
[-1.711189, 0.738515, -0.025531],
[-1.578215, 0.891176, -0.217736],
[1.052116, 0.047753, -0.036858],
[0.705680, 1.158656, -0.122988],
[-0.639456, 0.541668, -0.631936],
[-1.545983, 0.385087, 0.147988],
[-0.514240, 0.190251, -0.613111],
[-0.489413, 2.185864, -0.028061],
[-0.526709, 2.199973, -0.008987],
[0.935141, 0.486920, 0.216639],
[-1.184907, 1.822528, 0.665976],
[-0.042862, 1.000951, 0.976773],
[0.000825, 0.980829, 1.019155],
[-0.896833, 0.640144, -0.407087],
[-1.162091, 0.705671, -0.423478],
[-0.940140, 0.708847, -0.437520],
[-1.105954, 2.130501, -0.032097],
[-1.093136, 2.226356, 0.004643],
[-1.331526, 2.087843, -1.018743],
[-1.429367, 2.027758, -0.880261],
[-1.012657, 1.612899, 0.632181],
[-1.200070, 0.971747, 0.857737],
[-0.139648, 0.562118, 1.156406],
[0.483024, -0.129851, 0.797498],
[0.421225, -0.210805, 0.829145],
[1.214826, 0.305929, 0.339290],
[-1.418715, 2.428963, -1.029600],
[-0.417489, 0.264414, -0.710887],
[-1.271422, -0.225241, 0.508849],
[-1.290196, 0.883981, -0.371735],
[-1.327145, 0.972948, -0.329035],
[-0.700464, 2.033193, -0.015005],
[-0.544287, 0.886157, 0.903203],
[-0.535899, 0.849566, 0.909269],
[-0.517283, 0.916290, 0.874300],
[0.057866, 1.636221, 0.287333],
[-1.312928, 1.888220, -0.300773],
[-0.174269, 0.701504, -0.759478],
[-1.409871, 2.116987, 0.061401],
[-0.432175, -0.235706, 0.155018],
[-0.556706, -0.238767, 0.151238],
[-0.735294, 0.173867, -0.224502],
[-1.140569, 0.017250, -0.009950],
[-0.409682, 2.495429, -0.307898],
[-0.413242, 2.394419, -0.271303],
[-0.073049, 1.026275, 0.877343],
[-1.720016, 0.917674, 0.001172],
[-1.320910, 1.515615, -0.177966],
[-0.411795, 0.015525, 0.910465],
[-0.584765, 2.335525, -0.150782],
[-0.054142, 1.623051, 0.349190],
[0.283353, 0.561816, 1.091179],
[-0.441114, 0.447539, 1.029105],
[-0.486112, -0.324416, -0.429858],
[-0.357444, -0.328510, -0.496253],
[-0.861268, 0.782172, 0.852138],
[-0.594368, 0.260170, -0.480650],
[-1.536293, 2.249079, -0.350067],
[-0.950243, 2.123613, -0.146121],
[0.181108, 1.448902, 0.703443],
[0.920791, 0.616824, 0.091228],
[-1.203603, -0.059392, 0.679663],
[0.749377, -0.176930, -0.050736],
[0.156471, 1.356420, -0.319477],
[0.117918, 1.428294, -0.263220],
[-1.790437, 1.681924, 0.095368],
[-0.175993, 1.589966, 0.466628],
[-0.357047, 1.560308, 0.354435],
[-0.499554, -0.093383, -0.558677],
[-1.027506, 0.932294, -0.446110],
[-0.907600, -0.225978, -0.427363],
[-0.875352, -0.224477, -0.465971],
[-0.985956, -0.324755, -0.262839],
[-0.250213, 1.553107, -0.016717],
[-1.805342, 2.011472, 0.271095],
[-1.671178, 1.057602, 0.573005],
[-1.729393, 1.345124, 0.960981],
[-1.692428, 1.271183, 0.929385],
[-1.805253, 1.294960, 0.847308],
[-0.257556, 1.388616, 0.739810],
[-0.117749, 1.485411, 0.671841],
[-1.869828, 1.593491, 0.465005],
[-0.416743, 2.184797, -0.088934],
[-0.368727, 2.230573, -0.123550],
[-0.506831, 2.119361, -0.096976],
[0.080894, 1.468494, -0.209373],
[-1.270630, 0.351935, 0.687997],
[-1.424255, 2.157291, -0.852071],
[-0.185770, 1.201463, 0.858620],
[0.501473, 1.057677, 0.826308],
[0.519833, 0.848262, 0.919480],
[0.817276, 0.211510, 0.595016],
[-0.306259, -0.212282, 0.793669],
[-0.110843, -0.163341, -0.512762],
[-0.047441, -0.128875, -0.509640],
[-0.244220, -0.130892, -0.526727],
[0.813103, -0.062350, 0.636115],
[0.399489, -0.295986, -0.082078],
[-0.144984, 0.012193, 1.031854],
[-1.230139, -0.330231, -0.185240],
[0.258436, 0.951167, 0.968978],
[0.256000, 1.038921, 0.948914],
[0.973227, 0.134362, -0.112009],
[0.489925, 0.234345, 0.904506],
[-0.248480, 1.017655, 0.880966],
[-1.613345, 0.665910, -0.138793],
[-1.700708, 0.694401, 0.508724],
[-0.078266, 0.245790, 1.119251],
[-0.102698, 0.242845, -0.709553],
[-1.749322, 0.933809, 0.066156],
[-1.769050, 1.048548, 0.194636],
[-0.298026, 0.474663, -0.778142],
[-1.009418, 1.768843, 0.049583],
[-1.600736, 2.108238, 0.326904],
[-1.033314, 0.720127, 0.914374],
[-0.926853, 0.671309, 0.883707],
[-1.325946, -0.277829, 0.767469],
[0.093275, 0.116779, -0.612674],
[0.609962, 0.035011, -0.283060],
[0.550272, 0.017419, -0.401614],
[-0.209045, -0.150787, 0.997117],
[-1.358256, 0.856820, 0.850019],
[-1.233548, 0.864662, 0.902395],
[-1.286048, 0.948469, 0.847629],
[0.075885, 0.455271, -0.695940],
[0.200184, 0.425562, -0.647942],
[0.239803, 0.512725, -0.617405],
[-1.496961, 1.729755, -0.132940],
[-1.181001, 1.667234, -0.133698],
[-1.418118, 1.567604, -0.183059],
[-1.837770, 1.283247, 0.383237],
[-1.844137, 1.281764, 0.290163],
[-0.721983, 2.239984, -0.019499],
[-0.422457, 1.548848, 0.236140],
[-0.759174, 0.053211, 0.781248],
[-0.710347, 0.470940, -0.376086],
[-0.271902, 0.142336, 1.030090],
[-0.018966, 0.030811, 1.076177],
[-0.909284, -0.309464, 0.616067],
[-0.070036, 1.577573, 0.545597],
[-0.911258, 1.422330, 0.536620],
[-0.033723, -0.233044, 0.393037],
[0.130366, 0.781529, -0.662952],
[-0.769386, 0.587845, 0.859027],
[-1.527379, 0.416992, -0.001913],
[-0.830535, 1.575850, 0.232219],
[-1.297036, 1.937685, 0.779821],
[1.095609, 0.381621, 0.489824],
[0.018245, 0.893981, -0.646591],
[-0.679328, 2.105197, -0.194708],
[-1.542921, 1.197959, 0.877621],
[0.588625, 0.670033, 0.872541],
[-1.232609, 2.453996, -1.242830],
[-1.223550, 2.493234, -1.225260],
[-1.776394, 1.047024, 0.350225],
[-1.169364, 0.486552, 0.839527],
[-1.217788, 1.376907, 0.820274],
[-1.215895, 2.386713, -1.213496],
[-0.426386, 1.339032, -0.280530],
[-0.043986, 0.633430, 1.152170],
[-0.757998, -0.327165, -0.593791],
[-0.688640, -0.295261, -0.621858],
[-0.394841, 1.157690, -0.442924],
[-1.621117, 0.834040, 0.669096],
[0.226613, 1.559391, 0.553020],
[-0.942416, 1.273450, 0.694378],
[-0.996775, 0.070743, 0.308412],
[-1.187091, 1.870654, -0.055176],
[-0.248868, -0.199088, -0.531029],
[-0.466058, -0.230435, -0.350737],
[-1.748609, 1.539588, -0.016642],
[-1.510985, 1.951621, 0.838996],
[-1.123323, -0.012320, 0.192249],
[-1.109265, 0.076089, 0.177068],
[-1.261043, 1.110307, -0.337676],
[-1.295361, 1.140341, -0.294797],
[-0.240815, 0.739839, -0.770224],
[0.517651, 0.412427, 0.883282],
[-1.271654, 2.112449, 0.193451],
[-0.972477, 1.376892, 0.617849],
[0.312180, 0.036513, -0.538032],
[1.157569, 0.190091, 0.047875],
[-1.270638, 2.025862, -0.624071],
[0.488008, 0.303864, -0.473840],
[0.444658, 0.430449, -0.539068],
[-0.330424, 0.079993, 1.007621],
[-1.491512, 1.868021, -0.133121],
[-1.438246, 1.810739, -0.148424],
[-0.975303, 1.195351, 0.766731],
[-0.735598, 1.201222, 0.733851],
[-1.696823, 0.660763, 0.457802],
[-1.693311, 2.062680, 0.209003],
[-0.404081, 2.161611, -0.150457],
[0.587636, 0.239785, -0.399325],
[-1.799035, 1.798140, 0.474369],
[-1.819094, 1.700395, 0.358050],
[-0.209902, 0.902684, -0.668259],
[0.003349, 1.031365, 0.888773],
[-1.407693, 2.457651, -0.769793],
[-1.807929, 1.621912, 0.781218],
[0.236355, 1.595077, 0.039541],
[-1.197416, -0.316299, 0.557910],
[-0.796446, 1.176161, -0.392979],
[-1.532304, 1.378029, 1.052706],
[0.293555, 0.773336, -0.595151],
[0.654875, -0.295739, 0.228423],
[-1.126580, -0.333657, -0.120342],
[-1.404825, 0.246359, 0.134402],
[-1.402584, 0.295927, -0.003354],
[-0.885475, 1.510464, 0.423823],
[0.569131, 0.860653, 0.881104],
[0.480040, 0.940457, 0.914895],
[-0.768231, 0.529606, -0.368108],
[0.044895, 0.886676, 1.094919],
[-0.917758, 1.586695, 0.046633],
[-0.490573, 0.428855, 0.929942],
[0.899759, 0.361410, 0.030086],
[-0.192788, 0.263361, -0.716390],
[-0.834634, 0.365077, 0.831893],
[-1.784549, 0.779971, 0.181247],
[-1.773623, 0.734039, 0.237827],
[-0.017663, 1.118665, -0.440067],
[-1.257374, 2.573154, -1.173166],
[0.873558, 0.686308, 0.534216],
[-1.633265, 1.508819, 1.042407],
[-0.683979, 2.168564, 0.070383],
[0.762485, 0.644636, -0.296600],
[0.670181, 0.583084, -0.361419],
[-1.276700, 2.163612, -0.286789],
[-0.186571, 2.557476, -0.582686],
[-1.396803, 0.372434, 0.621624],
[-0.277555, -0.041992, 0.959152],
[-1.753188, 1.840855, 0.765446],
[-0.205774, 0.360188, 1.101630],
[-0.312356, 0.322928, 1.081963],
[0.773080, 0.365203, -0.243901],
[-0.333909, 1.564116, 0.121426],
[-0.871306, 2.077499, 0.149927],
[-1.011007, 2.041621, 0.238984],
[-1.726279, 1.160557, 0.351954],
[0.924486, 0.453649, 0.081664],
[-1.382109, 2.627837, -1.148847],
[-1.384067, 2.603321, -1.166270],
[-1.231827, 2.350717, -1.105449],
[0.351699, -0.290753, 0.813556],
[-0.726127, 0.699642, -0.448212],
[-0.602079, 0.727534, 0.872263],
[-1.273245, -0.125730, 0.609494],
[-0.113255, 0.453174, -0.724984],
[-1.634885, 0.489511, 0.332239],
[0.352857, -0.124359, -0.460536],
[0.386338, -0.044262, -0.442348],
[-1.326042, 1.925423, -0.457398],
[-1.478559, 2.442734, -0.961645],
[0.600122, 0.870302, -0.380995],
[0.687737, 0.711163, -0.367102],
[-0.601945, -0.225619, -0.326259],
[-0.614009, -0.232901, -0.345152],
[-1.239104, 2.078469, -0.317309],
[-1.868707, 1.395671, 0.783765],
[-1.549426, 0.414217, 0.453245],
[-0.522452, -0.296044, -0.584716],
[-0.134278, 0.448457, 1.165512],
[-1.835816, 1.838320, 0.324739],
[-1.796504, 0.819183, 0.297622],
[-1.781117, 0.765827, 0.371061],
[0.737980, 0.055378, -0.132482],
[0.849734, 0.021961, -0.136006],
[-0.055620, 1.448292, 0.719913],
[0.843360, -0.094655, -0.068097],
[0.570190, 0.152820, -0.379069],
[0.209175, 0.205218, 1.050915],
[-0.582588, 0.171151, -0.451473],
[-0.430594, 1.427985, -0.189213],
[-0.078140, -0.308289, 0.897365],
[-1.743224, 0.862458, 0.087866],
[-0.861831, 0.025425, 0.785109],
[0.708270, 0.182835, -0.248610],
[-1.846197, 1.477060, 0.161389],
[-0.712551, 0.461835, 0.842126],
[0.066151, 0.703215, -0.680834],
[-1.244656, 2.395411, -1.023360],
[0.817037, 0.922706, -0.110249],
[0.833613, 0.817529, -0.174171],
[-0.828041, -0.307792, 0.808302],
[-1.441869, -0.207401, 0.142554],
[-0.545805, 0.557255, 0.930287],
[0.266595, 1.035345, -0.448273],
[0.273139, 0.938777, -0.471996],
[0.400253, 0.994590, 0.927995],
[-1.712328, 2.072154, 0.384973],
[-1.294028, -0.293613, 0.489959],
[-0.546920, 2.505535, -0.363905],
[-1.396450, 2.086240, -1.001155],
[0.676216, 1.209469, -0.125402],
[-1.316133, 2.357389, -0.602992],
[-0.786437, 1.452747, -0.217873],
[-0.126205, 0.128079, 1.077415],
[-1.040595, 0.131966, 0.417466],
[-1.566108, 2.524381, -0.988711],
[0.833166, 0.393494, -0.137354],
[0.993407, 0.229594, -0.080484],
[1.068670, 0.208102, -0.059906],
[-1.266622, 2.220996, -1.155975],
[0.183953, 0.903122, 1.025643],
[0.644683, 0.435281, -0.370127],
[0.164324, 0.507095, -0.678647],
[0.117535, 1.629919, 0.365854],
[-1.593075, 1.792413, -0.087871],
[0.564727, 1.423197, 0.108249],
[-0.175731, -0.226488, 0.003948],
[-1.738631, 0.696067, 0.255222],
[-0.957373, 1.592324, 0.551570],
[-0.227910, -0.303749, 0.860450],
[-0.959368, -0.274992, -0.251413],
[-0.743124, 1.107556, 0.775600],
[0.088012, 1.098840, 0.846568],
[0.005015, 1.173889, 0.857812],
[0.519779, 1.257477, -0.213036],
[0.295192, 1.112936, -0.378574],
[-1.028566, -0.012083, 0.283763],
[-1.186484, 1.353456, -0.240498],
[-1.635871, 0.547723, -0.021463],
[-0.201297, 2.440073, -0.552512],
[0.394914, 0.526710, -0.547038],
[0.172883, -0.315873, -0.289327],
[-0.296441, 0.833133, 1.126273],
[0.267324, 1.480183, 0.644227],
[-0.629918, 1.098161, -0.438467],
[-0.713772, 1.167485, -0.401248],
[-1.847043, 1.617440, 0.229180],
[-1.820174, 1.606356, 0.145903],
[-0.285310, 1.171769, 0.856197],
[-1.508538, 1.661657, 1.043337],
[-1.480454, 2.124918, 0.292093],
[0.737966, 0.425580, 0.730457],
[-1.349935, -0.265360, -0.133193],
[-1.332678, -0.325408, -0.135516],
[-0.771536, -0.134895, 0.826154],
[-0.786280, -0.228660, 0.848274],
[-1.071728, 0.711395, -0.431353],
[-1.631432, 1.191984, 0.584590],
[0.716828, 0.667464, 0.763076],
[-0.454811, -0.268440, 1.084066],
[0.315080, 0.393780, 1.046327],
[0.702674, 0.289173, 0.779169],
[0.824179, 1.019828, 0.454425],
[-1.089582, -0.277936, 0.936414],
[-1.010762, -0.306018, 0.887619],
[-1.718284, 1.789086, 0.052705],
[-1.731789, 0.603830, 0.279240],
[-0.947379, 1.335148, 0.633650],
[-1.050603, 1.328013, 0.670283],
[-1.738611, 1.855889, 0.183523],
[0.485271, 0.091059, 0.860015],
[-0.515094, 1.279604, 0.703421],
[-0.426344, 1.275627, 0.764106],
[-0.538574, 0.306628, 0.777990],
[-1.125722, -0.062798, 0.239542],
[-0.662675, -0.097177, 0.920616],
[-0.773345, 2.394491, 0.038581],
[-1.650270, 1.333622, 0.976255],
[-0.357733, 2.620337, -0.368016],
[-0.435689, 2.671329, -0.241071],
[-1.171520, 1.995082, 0.691460],
[-0.972544, 1.692010, 0.087183],
[0.528654, -0.124873, 0.734242],
[0.607293, 1.236720, -0.181805],
[-0.821682, -0.034823, -0.238272],
[-0.489523, 1.502773, 0.379137],
[-0.580727, 1.432003, 0.490658],
[-0.045258, 0.794537, -0.708596],
[-0.941506, -0.184616, -0.238071],
[0.571120, 1.428724, 0.245593],
[0.812371, 0.700539, -0.226163],
[0.653517, 0.172564, 0.789864],
[-0.596454, 1.504560, 0.070832],
[-0.654363, 2.099276, 0.011707],
[-1.231334, 2.210269, -0.693385],
[-1.247235, 2.258488, -0.604343],
[0.590806, 0.666446, -0.412327],
[-0.782037, -0.284868, 0.203595],
[-1.850650, 1.508685, 0.796823],
[-1.396783, -0.291121, 0.232463],
[-0.653353, 0.536954, -0.573995],
[0.429705, 1.504291, 0.034996],
[-1.574373, 0.512625, 0.572757],
[-0.769745, 0.431805, -0.340495],
[-0.699295, 0.328336, -0.305564],
[-1.104535, 1.250047, 0.716072],
[-1.462866, 2.617574, -1.089016],
[-1.546334, 2.156715, -0.259455],
[-1.014022, 1.092611, 0.804933],
[-0.857333, 0.230292, 0.812956],
[-1.037198, 0.099067, 0.569879],
[0.433624, -0.259834, -0.056224],
[0.416256, -0.302014, -0.029209],
[0.505628, -0.208725, -0.083912],
[-0.093000, 1.031512, -0.466340],
[-0.955878, -0.329156, 0.114653],
[-0.354883, 1.398317, 0.690514],
[-0.974053, 1.023300, -0.434447],
[-0.003971, 1.521107, -0.135350],
[-0.570236, 0.697032, -0.705037],
[-1.025252, 0.113285, 0.292897],
[-0.195065, 2.343401, -0.453582],
[-0.421097, -0.075178, -0.554476],
[-0.940337, 1.443526, 0.551998],
[-0.645450, 1.422984, -0.163308],
[-1.431300, 2.063680, -0.895936],
[-1.041329, 2.031196, 0.284629],
[-1.473567, 0.502307, -0.200127],
[0.714646, 1.004636, -0.234776],
[-0.436836, -0.227934, -0.200369],
[-0.282846, 0.999034, -0.476855],
[0.020005, 0.158058, 1.090640],
[-1.142874, 0.200789, -0.044142],
[-0.896212, 0.948112, -0.435323],
[-0.452364, 1.042213, -0.477821],
[0.196984, 1.175956, 0.801445],
[-1.004913, 1.201126, -0.373902],
[-1.389766, 1.473542, 1.062782],
[-1.443393, 1.402689, 1.077379],
[-0.468556, 0.729886, -0.750712],
[-0.842574, 2.226961, -0.216954],
[-1.315480, -0.134355, -0.043472],
[-0.341563, 2.225979, -0.281198],
[0.458405, -0.305375, 0.374187],
[0.509829, -0.295955, 0.413222],
[-1.573270, 0.550052, -0.133064],
[-1.587278, 0.709800, 0.715362],
[0.646248, 0.099457, -0.256589],
[-1.744131, 0.970466, 0.508718],
[-1.629714, 0.927849, 0.663751],
[-1.490555, 2.137834, -0.482663],
[-0.722426, 0.987100, 0.849775],
[-1.597269, 0.410965, 0.321889],
[-1.020467, 0.480581, 0.847527],
[-0.805672, 2.146348, -0.209403],
[-0.394823, 0.867822, 1.057811],
[1.125424, -0.014824, 0.253389],
[-1.497148, 2.067334, -0.359533],
[-1.536206, 2.412211, -0.673152],
[-1.537789, 2.051447, -0.141835],
[-0.570397, -0.015850, -0.468544],
[0.410517, 0.648297, 1.018294],
[0.375862, 0.797178, 0.965679],
[-1.714544, 0.843005, 0.561293],
[-0.676102, -0.326676, -0.425858],
[-1.279019, 1.683985, 0.784995],
[-1.093106, 1.958267, -0.036763],
[-0.865295, -0.059513, 0.809069],
[-1.683141, 1.192756, 0.506945],
[0.348862, 0.203751, -0.557072],
[-0.198556, 0.897884, 1.101613],
[-0.572355, 0.863727, -0.508376],
[-0.479120, 0.921090, -0.502926],
[-0.459502, 2.287110, -0.171308],
[-1.131591, 1.363377, 0.768134],
[-0.339808, -0.291606, -0.372837],
[-1.271752, 1.852276, -0.155784],
[-1.235260, 1.941679, -0.085421],
[-1.265102, 1.907725, -0.253578],
[-1.706786, 1.998498, 0.632350],
[-1.083380, 0.796409, -0.447748],
[-0.869976, 1.488004, 0.450954],
[0.248785, -0.026317, -0.543785],
[0.216133, 0.329414, 1.085091],
[-0.312012, 2.237070, -0.179642],
[-0.996115, 0.986578, 0.871182],
[-1.058258, 1.008438, 0.845365],
[0.449132, 1.390326, -0.153583],
[0.827128, 1.073052, 0.037635],
[0.785170, 1.139496, 0.055788],
[-1.246388, -0.174982, 0.310220],
[-0.114870, -0.316029, -0.363957],
[0.588353, 1.008289, 0.806922],
[-0.451157, 0.928163, 0.903554],
[0.930815, 0.120524, 0.645106],
[1.015070, -0.076056, 0.449421],
[-0.370633, -0.301827, 1.015563],
[-0.251757, 1.054206, -0.480904],
[-1.058330, 1.654131, -0.083858],
[-0.902999, 0.351604, -0.313387],
[-0.987222, 0.454362, -0.314387],
[-1.233227, 2.093556, -0.403759],
[0.451685, -0.116696, -0.306826],
[-1.242207, 2.086089, -0.616862],
[-1.830473, 1.940707, 0.478824],
[-0.200952, 0.354328, -0.720859],
[-0.105674, 0.324854, -0.700403],
[-0.107551, 0.380317, -0.719622],
[-1.336687, 2.050335, -0.945546],
[-0.019403, 0.998303, -0.474664],
[0.781405, -0.221497, 0.063080],
[-0.727138, 1.555985, 0.094763],
[-1.756879, 0.714212, 0.094623],
[-1.419698, -0.318081, -0.007994],
[-0.925352, 1.650699, 0.189732],
[-0.069927, 0.486680, 1.183513],
[0.130645, -0.314944, 0.401750],
[0.432810, 0.385466, 0.972630],
[-0.719460, 1.527790, -0.037344],
[-1.003295, 0.079630, 0.669157],
[-0.040173, -0.226031, 0.073074],
[-1.775277, 1.737307, 0.538762],
[0.022711, -0.230321, 0.469409],
[-1.254210, 0.495197, 0.816265],
[0.042722, -0.026466, -0.603594],
[-1.247052, 2.037704, -0.008312],
[-1.495995, 1.193275, -0.168617],
[0.469184, 0.331752, 0.908427],
[-0.384757, 0.268493, 1.003338],
[-1.246285, 1.754080, 0.711346],
[0.541453, 1.376881, -0.072483],
[-0.072158, 0.360888, 1.129462],
[0.132289, 1.359149, 0.760536],
[0.836116, 0.020519, 0.655033],
[-0.308298, -0.229261, -0.042903],
[-1.516172, 1.646366, -0.144472],
[-0.667288, 1.138067, -0.398215],
[-1.577944, 2.323707, -0.711138],
[-0.401707, 2.730770, -0.384008],
[-0.502670, 2.661769, -0.210735],
[-1.371965, 0.313068, 0.531972],
[-1.788905, 0.832171, 0.422401],
[0.128674, -0.235122, -0.236183],
[-0.209654, 1.442472, -0.210779],
[-1.330416, 1.464634, 1.024802],
[-1.648112, 0.515189, 0.246630],
[-0.484177, 0.577680, 1.075135],
[-1.418907, -0.321395, 0.084700],
[-0.966444, 0.283804, 0.730512],
[-0.589212, 0.836227, 0.881171],
[0.125255, -0.224776, -0.148647],
[-1.133761, 1.228793, -0.341946],
[-0.317280, -0.229247, -0.329238],
[-1.136346, 2.131289, 0.196631],
[-1.853011, 1.372734, 0.645486],
[-1.477792, 1.248393, 0.978668],
[0.048212, 1.264885, -0.404072],
[-1.896742, 1.466449, 0.395970],
[0.660400, 0.774648, 0.847915],
[-0.771531, 1.466829, 0.527721],
[-1.255231, 1.250653, 0.739472],
[0.197020, -0.281260, 0.899094],
[0.759758, 0.540618, -0.228663],
[-0.434004, 0.409671, -0.763367],
[-1.039676, 1.902293, 0.331316],
[-1.443066, 0.961142, 0.809815],
[-0.571883, 2.231801, -0.294093],
[-0.935626, 1.242533, -0.340308],
[-0.863225, 1.257429, -0.330324],
[-0.369650, 1.282400, -0.366226],
[0.605182, 0.241557, 0.825965],
[0.238213, -0.298834, 0.657340],
[0.922241, 0.565129, 0.391666],
[0.138965, -0.217482, 0.579467],
[0.364868, 0.102163, -0.564143],
[-1.587764, 1.797537, 0.960432],
[-1.785132, 1.742342, 0.235288],
[-0.666410, -0.311269, 0.764153],
[0.656605, 1.327163, 0.037975],
[0.487485, 0.903281, -0.425230],
[0.243057, 1.276477, 0.766990],
[-0.610187, 0.065734, -0.311588],
[-1.347601, 1.051673, -0.309920],
[-0.806099, 1.003844, -0.429480],
[-0.211520, -0.221109, -0.290345],
[-1.110882, -0.097552, -0.133702],
[-0.645118, 0.746877, -0.508813],
[-1.529975, 0.415746, 0.522091],
[0.464745, 1.505319, 0.377890],
[0.565831, 0.311696, -0.408160],
[0.481942, 0.171424, -0.506207],
[0.869381, 0.987124, 0.265632],
[-1.323218, 1.169926, 0.759492],
[-0.547426, -0.170975, 1.074968],
[-0.583672, 1.341232, -0.277359],
[-0.658535, 0.390730, -0.414898],
[0.659461, -0.069050, 0.611154],
[-1.450800, 1.213935, 0.896594],
[0.395182, 0.393805, -0.573574],
[0.060885, -0.281807, 0.922090],
[-1.274537, -0.286711, 0.847345],
[-0.175454, 1.320861, 0.797978],
[-0.021265, 0.075869, 1.099329],
[-1.128306, 0.516755, -0.381230],
[-0.526321, 0.099016, -0.548911],
[-0.816974, 1.206875, 0.745704],
[0.641738, 1.093097, 0.700181],
[0.309057, -0.267685, 0.877138],
[-1.717996, 0.844832, 0.033153],
[0.457648, 0.530575, 0.988914],
[-1.618238, 1.233027, 0.904880],
[-1.715612, 1.236741, 0.864055],
[-1.082991, 1.831254, 0.565630],
[-1.717940, 0.654628, 0.126931],
[0.087884, 0.610911, -0.682257],
[1.197313, 0.216267, 0.115573],
[0.363226, 0.534643, 1.057174],
[-1.450898, 0.563225, -0.272730],
[-1.488649, 2.595141, -0.994822],
[-0.765083, 2.261552, 0.002494],
[-1.542421, 2.056174, 0.666555],
[-0.738437, 0.526750, 0.842416],
[-1.103431, 1.895641, 0.609698],
[0.258873, 1.448395, -0.213812],
[-0.188145, 0.628485, 1.162810],
[0.048642, 0.143893, -0.643120],
[-1.430505, -0.226297, 0.076040],
[-1.672271, 1.556861, -0.086493],
[-1.620471, 2.002973, 0.027379],
[-1.662937, 0.688014, 0.605444],
[-0.966566, 0.846353, -0.431470],
[-0.708097, 1.351967, -0.256906],
[-0.231538, -0.226327, 0.594540],
[0.052219, -0.165175, -0.485473],
[-1.056271, -0.130870, 0.907149],
[1.088368, 0.278100, -0.005832],
[0.775397, 1.171581, 0.366395],
[-1.507240, 2.031652, -0.249417],
[-1.517253, 2.010595, -0.165326],
[0.371782, 0.922993, -0.462565],
[-1.392482, 0.251582, 0.394855],
[0.214772, 0.540160, 1.102567],
[-0.264857, 0.119051, -0.682085],
[0.869495, 0.899822, 0.474218],
[0.818082, 0.273760, 0.585449],
[-1.720294, 1.617545, 0.973380],
[-1.298565, 2.084060, -0.834377],
[-0.098960, 0.619977, -0.749380],
[-0.744164, 0.866860, -0.471993],
[-0.718316, 0.562293, -0.392953],
[-0.718506, 0.627214, -0.447260],
[-0.975983, -0.087683, -0.195370],
[-1.055022, -0.200660, -0.221548],
[-1.840612, 1.311873, 0.702167],
[-0.216097, 2.503512, -0.582074],
[-0.383638, 2.454916, -0.443219],
[-1.329373, 1.797966, -0.157442],
[-0.123141, 0.673232, 1.137610],
[-0.235703, 0.529241, 1.146862],
[-1.616567, 1.197985, 0.809208],
[-1.185075, 0.981397, -0.380758],
[-0.059834, 0.172646, 1.075745],
[0.339835, -0.286387, -0.329524],
[-1.043478, 2.064079, -0.077780],
[-1.257050, 2.042973, -0.187586],
[-1.665122, 0.599989, 0.545626],
[-1.612285, 0.594690, 0.628918],
[-0.230578, 0.800799, 1.128231],
[0.481384, 1.193947, -0.277766],
[-0.521790, 2.427486, -0.383092],
[0.068701, 1.213953, 0.847060],
[-0.982439, 0.904224, 0.896723],
[-0.192413, -0.233669, 0.343531],
[0.130189, 1.555167, -0.100018],
[-1.277157, 2.042907, -0.063414],
[-1.025273, 1.969698, 0.290795],
[-0.983763, -0.272201, 0.921370],
[-1.232307, 0.714449, -0.385962],
[0.792025, 0.946067, 0.596732],
[-0.133581, 1.580364, 0.522675],
[0.657653, 1.343198, 0.267874],
[-1.804685, 2.023256, 0.361848],
[-0.401388, 0.360080, 1.041474],
[0.138745, 0.974123, -0.459486],
[0.376758, 1.089679, 0.877374],
[-0.674620, 0.013585, -0.214306],
[-0.134478, -0.079391, -0.590788],
[-0.859219, 0.546496, -0.382159],
[-1.675946, 1.579420, 1.022652],
[-0.591603, 0.366053, -0.584643],
[-1.293651, 1.517854, 0.955004],
[0.130018, 0.671322, -0.669066],
[-1.857988, 1.629472, 0.379715],
[-0.461077, 0.253407, 0.872526],
[-1.836928, 1.554244, 0.639925],
[0.235378, 1.490021, -0.149726],
[-1.070682, -0.051973, 0.498690],
[-1.316969, 1.640029, -0.172320],
[0.689232, 0.348078, -0.324691],
[-0.191709, 0.221270, 1.115403],
[-0.663808, 0.055046, -0.201244],
[-0.729055, 0.282797, 0.830501],
[-1.448413, -0.291297, 0.167026],
[-1.358629, 0.740357, 0.874309],
[-0.887304, 1.600204, 0.279732],
[0.900267, 0.741891, 0.441476],
[-1.545333, 2.571694, -0.992868],
[-1.699100, 1.049062, 0.004177],
[-1.367144, 2.376930, -1.091732],
[-1.392110, 2.205192, -0.999144],
[-0.674988, 0.677362, -0.502666],
[-1.249234, 2.334133, -0.901003],
[-1.038321, 1.374016, -0.275665],
[-0.375376, 2.744390, -0.361887],
[-0.178794, 2.393497, -0.501419],
[-0.575589, 1.513001, 0.222177],
[-0.069547, 1.150465, 0.879062],
[-0.522644, 0.847569, -0.627662],
[-0.346788, 0.219159, 1.038959],
[-1.412792, 1.447199, -0.174975],
[-0.824845, 0.743626, -0.429143],
[0.357020, 1.044908, -0.435620],
[0.400458, 1.003902, -0.443934],
[-1.080917, 0.079270, -0.114867],
[-0.187965, 0.177570, -0.681734],
[-1.308272, -0.307438, 0.688403],
[-0.621200, 1.473230, -0.064261],
[-0.311411, 0.298175, -0.753367],
[-1.313868, 2.284393, -0.411893],
[-1.766468, 0.780556, 0.093809],
[0.912254, 0.839989, 0.132982],
[0.370286, 0.606912, 1.050234],
[-1.210514, 0.596328, 0.859345],
[-0.724287, -0.315762, -0.363844],
[-0.108233, -0.207863, -0.515408],
[0.893416, 0.729972, -0.036100],
[-1.533622, 1.273714, -0.097755],
[-0.224974, 0.455947, 1.126062],
[0.181829, 0.701174, 1.115748],
[0.747875, -0.216806, 0.451658],
[-0.719875, 2.305032, -0.290820],
[-0.950250, 0.054488, 0.739897],
[-1.141473, 1.041551, 0.854931],
[-1.075748, 0.918701, 0.870192],
[0.983567, 0.212617, 0.618679],
[-1.870630, 1.348599, 0.430101],
[-1.349408, -0.247219, 0.280244],
[0.210456, -0.307444, -0.227266],
[-0.540627, 1.227770, -0.356777],
[-0.750260, 0.686182, 0.884234],
[-1.075694, 0.215742, -0.168339],
[0.316030, 0.837268, 1.022595],
[-1.251457, 1.047443, -0.368069],
[-0.081470, 1.356103, -0.301785],
[-1.717797, 0.596185, 0.362354],
[-1.098045, 0.611585, -0.422983],
[-0.004177, 0.541232, 1.169089],
[-1.471731, 0.344385, 0.435932],
[-0.531394, 1.388893, 0.602420],
[0.165712, -0.318443, 0.032491],
[-0.577044, -0.252893, 1.075331],
[-1.150941, -0.327624, 0.315673],
[0.773749, 1.100266, 0.530302],
[-0.004753, 1.213848, -0.402323],
[0.244541, 0.222931, 1.025627],
[-1.141506, 1.785455, -0.096875],
[-1.148257, 0.916935, -0.425442],
[-1.484510, 0.337856, 0.044471],
[0.556580, 0.286872, 0.870996],
[0.011932, -0.304444, 0.342493],
[-0.614785, 0.136536, 0.737724],
[-1.284332, -0.111561, 0.673769],
[0.077876, 1.322778, 0.802381],
[-1.319585, -0.332406, 0.024483],
[0.632977, 1.258285, 0.601467],
[0.561621, 0.123444, 0.820566],
[0.190406, -0.304734, 0.864418],
[-0.682042, 0.494916, -0.461248],
[0.587244, 1.392642, 0.470873],
[-1.173037, -0.097683, 0.869844],
[0.243700, -0.123182, -0.497665],
[-1.583759, 2.341074, -0.672805],
[-0.283445, 2.705931, -0.504100],
[0.554155, -0.039376, -0.325527],
[-1.713130, 1.189263, 0.146411],
[0.047836, -0.306718, 0.884817],
[0.728473, 1.049112, 0.626529],
[0.832201, 0.756918, 0.592998],
[-0.472614, 0.692352, 1.102365],
[-1.250994, 0.788441, 0.910660],
[-0.573161, 0.992333, 0.865309],
[-1.066453, 1.914096, 0.461527],
[0.247109, 0.856306, -0.575510],
[-1.746672, 1.741022, 0.087222],
[-0.863883, 0.426091, -0.358187],
[-0.884625, 1.103361, 0.828735],
[0.487737, 0.673018, -0.499932],
[0.101833, 0.942572, 1.033362],
[-0.425599, -0.145916, 1.075505],
[0.336289, 0.885403, 0.966655],
[0.154984, 0.004590, 1.026308],
[-0.920600, -0.328956, -0.181165],
[-0.499228, 1.123597, 0.833407],
[0.509660, 1.351560, 0.621829],
[0.740590, 0.734579, -0.323199],
[0.094131, 0.041256, 1.068853]];